Sí hay algún problema con el test escribir a ajuncosa ó abello-r
Has superado el límite máximo de movimientos [ 800 ] y has hecho -->     801
Te has excedido por 1 movimientos
Los siguientes números son con los que ha fallado tu programa : 

26483 643 27228 8239 17834 13518 7520 21552 19243 30201
3498 11008 19769 7971 995 11411 11316 115 4 17971
5320 9038 2310 2017 7679 6463 7407 838 3997 4116
6991 402 2317 3662 2786 2184 762 95 4230 245
7555 1778 204 795 19142 27356 7434 232 9506 2827
7179 5519 2516 3562 1091 12835 10745 2211 23468 27226
23821 8088 19797 29156 23448 26889 18113 2126 1071 3985
3276 13432 4205 2405 3106 8983 7603 27534 25093 10709
1439 24252 25471 23195 16973 5328 32725 9249 23120 1054
586 14362 4207 9639 13136 31842 21279 397 16451 2170

Para copiar y pegar en una línea:
26483 643 27228 8239 17834 13518 7520 21552 19243 30201 3498 11008 19769 7971 995 11411 11316 115 4 17971 5320 9038 2310 2017 7679 6463 7407 838 3997 4116 6991 402 2317 3662 2786 2184 762 95 4230 245 7555 1778 204 795 19142 27356 7434 232 9506 2827 7179 5519 2516 3562 1091 12835 10745 2211 23468 27226 23821 8088 19797 29156 23448 26889 18113 2126 1071 3985 3276 13432 4205 2405 3106 8983 7603 27534 25093 10709 1439 24252 25471 23195 16973 5328 32725 9249 23120 1054 586 14362 4207 9639 13136 31842 21279 397 16451 2170
